	       a b c d e f g h i j k l m n o p q r s t u 
m k l          0 0 0 0 0 0 0 0 0 0 1 1 1 0 0 0 0 0 0 0 0 1
m k j          0 0 0 0 0 0 0 0 0 1 1 0 1 0 0 0 0 0 0 0 0 2
t p o q r s u  0 0 0 0 0 0 0 0 0 0 0 0 0 0 1 1 1 1 1 1 1 3
g d e          0 0 0 1 1 0 1 0 0 0 0 0 0 0 0 0 0 0 0 0 0 4
n o r          0 0 0 0 0 0 0 0 0 0 0 0 0 1 1 0 0 1 0 0 0 5
b a c          1 1 1 0 0 0 0 0 0 0 0 0 0 0 0 0 0 0 0 0 0 6
f i h          0 0 0 0 0 1 0 1 1 0 0 0 0 0 0 0 0 0 0 0 0 7
n p q          0 0 0 0 0 0 0 0 0 0 0 0 0 1 0 1 1 0 0 0 0 8
b i h          0 1 0 0 0 0 0 1 1 0 0 0 0 0 0 0 0 0 0 0 0 9
b d            0 1 0 1 0 0 0 0 0 0 0 0 0 0 0 0 0 0 0 0 0 10

1 + 3 + 4 + 6 + 7


